 Species/Sites   *   A   B   D   E   F   G   H   I   J   K   L   M   N   O   P   Q   R   S   T   V   W   X   Y   Z 
 aSG_Tory  0 0 0 0 0 1 0 0 3 0 0 0 0 0 0 0 1 0 0 0 0 0 0 0 0
 rG_Eulo  0 0 0 0 0 0 0 0 0 0 1 0 0 0 0 0 0 2 0 0 0 0 1 0 0
 rG_Lestodip  0 0 0 0 0 0 0 0 1 0 0 0 0 1 0 0 1 1 0 0 0 1 0 0 0
 rG_Mesopol  0 0 0 0 0 0 0 0 0 0 0 0 0 0 0 0 0 0 0 0 0 0 1 0 0
 rG_Platy  0 0 0 0 0 0 0 0 0 0 0 0 0 0 0 0 0 0 1 0 0 2 1 0 1
 rG_Tory  1 1 1 5 0 0 0 1 1 1 4 0 0 1 1 0 1 1 3 0 0 0 1 0 2
 rsLG_Eury  0 0 0 2 0 1 0 0 0 0 1 1 1 0 0 0 0 0 1 0 0 0 0 0 0
 rsLG_Lathro  0 0 0 0 0 0 0 0 2 0 0 0 0 0 0 0 0 0 0 0 0 0 0 0 0
 SG_Platy  0 0 0 0 0 0 0 0 0 0 0 0 0 0 0 0 0 0 0 0 0 0 0 5 0
 vLG_Eulo  0 0 0 0 0 1 0 0 0 1 3 0 0 1 0 0 0 0 1 0 2 0 1 0 1
 vLG_Mesopol  3 0 0 2 2 1 0 0 5 1 3 1 1 0 0 0 0 0 3 4 1 1 4 0 2
 vLG_Mymarid  0 0 0 0 0 0 0 0 0 0 1 0 0 0 0 0 0 0 0 0 0 0 0 0 0
 vLG_Platy  2 0 7 8 0 0 1 0 2 0 5 1 0 0 0 1 0 0 2 0 5 3 16 1 1
 vLG_Tory  0 0 2 0 0 1 0 1 2 0 3 1 0 0 0 0 0 0 4 0 3 0 0 2 1
