"","PC1","PC2","PC3"
"Soluble.condensed.tannins",-0.119763432449512,0.0390490868272977,-0.0165339098757505
"Insoluble.condensed.tannins",0.0215909568721157,0.014405255528602,0.0261346220598669
"diglucoside.of.SaOH__A220nm",0.0218273690027942,0.00516982493955533,7.87988728424178e-05
"salicin__A220nm",0.19534172864803,0.00223627565228229,0.0407936875288167
"gentisic.acid__A220nm",0.026655616744721,0.0201553670080146,-0.0201886209196768
"salicortin__A270nm",0.471258559411878,0.0568057957893523,0.0914941860260957
"tremulacin__A220nm",0.632185406261538,0.212470707833426,0.0746463097845055
"cinnamoyl.salicortin__A270nm",0.0831692232672267,-0.118728072771464,-0.0839532010142838
"disalicortin__A270nm",0.190506887180628,-0.0988817345146262,0.137682383937154
"HCH.tremulacin.__A220nm",0.445569049535345,-0.0860231563412197,0.255484820858869
"luteolin.glucoside.5.glu.__A320nm",0.0205744889102341,0.00669263441244733,0.0283558918213604
"luteolin.glucoside.7.gluc.__A320nm",0.0231985464455067,-0.00799092390270183,-0.0277182263619965
"luteolin.glycoside.der1__A320nm",0.0254750716238559,0.00342563251364217,0.00867558782750224
"luteolin.glycoside.der2__A320nm",-0.0175700719452579,-0.0296290250759122,0.00483460722927366
"luteolin.der1__A320nm",0.0238339129629053,0.0289288368726687,-0.0089951495605864
"luteolin.der2__A320nm",0.000998121424853105,0.0359714679261676,-0.00407934852341188
"methylluteolin.glycoside.__A320nm",0.0290478558897299,0.003606037520674,-0.0240783670177582
"ampelopsin__A320nm",-0.00181064979983424,0.231937561883843,-0.118013148073027
"ampelopsin.der__A320nm",0.0182948948222627,0.401196299702329,-0.357212417259221
"myricitrin__A320nm",-0.0422956779378665,-0.0488609621129448,0.0309066349617777
"quercetin.der1__A320nm",-0.000297361229716651,-0.032423037924608,-0.0253297698144872
"quercetin.der2__A320nm",0.0273774235806987,-0.0975228401104263,-0.0630801937042755
"eriodictyol.7.glucoside__A270nm",0.0796829272454186,0.521425004672046,-0.396382028821504
"neochlorogenic.acid__A320nm",0.00616423328986697,-0.334370077149577,0.000539162928270949
"chlorogenic.acid__A320nm",0.00989993862918872,0.0606581314337547,-0.0416380721423786
"p.OH.cinnamic.acid__A320nm",0.0317254356877397,0.013157909771308,-0.0232123238939371
"p.OH.cinnamic.acid.der1__A320nm",0.0609081798789161,-0.209091332865665,0.0117744662562625
"p.OH.cinnamic.acid.der2__A320nm",0.0516139346643965,-0.13236137053103,-0.237459139505712
"cinnamic.acid.der1__A270nm",0.217738340162164,-0.447934621420121,-0.679294183032538
"cinnamic.acid.der2__A270nm",0.0792690484386487,-0.17401702600641,-0.17920465251083
"cinnamic.acid.der3__A270nm",0.0926965382849929,-0.087373450189573,-0.181183856257648
